%YAML:1.0
calibration_time: "jue 10 sep 2015 21:17:37 CLT"
nframes: 10
image_width: 640
image_height: 480
board_width: 7
board_height: 6
square_size: 28.
flags: 0
camera_matrix: !!opencv-matrix
   rows: 3
   cols: 3
   dt: d
   data: [ 7.9437514693234232e+02, 0., 3.2696611937454236e+02, 0.,
       7.7073215733039592e+02, 2.3863408733930331e+02, 0., 0., 1. ]
distortion_coefficients: !!opencv-matrix
   rows: 5
   cols: 1
   dt: d
   data: [ -2.5026289995130996e-01, 1.4569556462206745e+00,
       -1.3407084033667598e-03, -4.0273946269325555e-03,
       -3.4932912968611212e+00 ]
avg_reprojection_error: 5.8636360062375825e-01
per_view_reprojection_errors: !!opencv-matrix
   rows: 10
   cols: 1
   dt: f
   data: [ 7.48459935e-01, 5.36670029e-01, 5.26808560e-01,
       6.92729414e-01, 8.72531056e-01, 5.37170529e-01, 5.01464844e-01,
       5.14126301e-01, 3.60683829e-01, 3.69954288e-01 ]
# a set of 6-tuples (rotation vector + translation vector) for each view
extrinsic_parameters: !!opencv-matrix
   rows: 10
   cols: 6
   dt: d
   data: [ -1.3482155146176869e-01, -1.8168951242950138e-02,
       1.5415157181234320e-02, -8.9537687749849738e+01,
       -4.5434824480670017e+01, 4.0995616687746616e+02,
       -1.2610477715639759e-01, -7.2413835571753105e-01,
       1.6225949807856171e-02, -8.8883337512880971e+01,
       -7.2631502618559622e+01, 3.3821478137258856e+02,
       -1.1207031329459857e-01, -7.4403144346583683e-01,
       2.5834386692497859e-02, -8.2396433370933536e+01,
       -7.4331691676691278e+01, 3.3675420930521511e+02,
       -1.3696197931757609e-01, 9.7524541017037036e-01,
       -2.1418582366226332e-02, 1.1964865833921049e+01,
       -4.8252659545044736e+01, 4.7112388411027905e+02,
       -1.1192108570373625e-01, 9.9791437162627350e-01,
       2.9363398044763844e-02, 1.9242524825107125e+01,
       -4.6888142035284204e+01, 4.4558933700652545e+02,
       -9.8910558471638454e-01, -8.3428385990686221e-02,
       -2.2326540875736770e-02, -7.9722557910584754e+01,
       4.3326749507815849e+00, 4.1677362247538218e+02,
       8.8377270495302507e-01, -9.3781139059985044e-02,
       1.0756072291301017e-03, -7.2833252590041923e+01,
       -1.0506434426081481e+02, 4.0982013033355378e+02,
       9.0625454432360575e-01, -8.4992430017308926e-02,
       8.4732355953486970e-04, -6.7155459489618266e+01,
       -9.5523479668563581e+01, 4.0930166229727399e+02,
       -1.0951319087625272e-01, -1.1313941036805601e-01,
       -1.9214951161638801e-02, 2.7937067188283855e+01,
       -1.4011342155324809e+02, 5.3472278325491834e+02,
       -1.1373153855972210e-01, -1.2345885986185534e-01,
       -2.1103877243625280e-02, 3.0155983494875343e+01,
       -1.3875013397818935e+02, 5.3208676470151079e+02 ]
image_points: !!opencv-matrix
   rows: 10
   cols: 42
   dt: "2f"
   data: [ 1.55771698e+02, 1.53795578e+02, 2.09309464e+02,
       1.54816437e+02, 2.62681580e+02, 1.55353790e+02, 3.16410461e+02,
       1.56225723e+02, 3.70264954e+02, 1.56632980e+02, 4.23607666e+02,
       1.57610245e+02, 4.76553009e+02, 1.58673401e+02, 1.53467270e+02,
       2.05360931e+02, 2.07319412e+02, 2.06793884e+02, 2.60888428e+02,
       2.06945984e+02, 3.15776154e+02, 2.07531418e+02, 3.69776398e+02,
       2.08493332e+02, 4.23746826e+02, 2.09107635e+02, 4.76744110e+02,
       2.10672302e+02, 1.50392273e+02, 2.57517792e+02, 2.04939316e+02,
       2.59161011e+02, 2.58902893e+02, 2.58778595e+02, 3.14797089e+02,
       2.60142120e+02, 3.69568359e+02, 2.60944305e+02, 4.23490601e+02,
       2.62043762e+02, 4.77465820e+02, 2.62566559e+02, 1.47357803e+02,
       3.12203888e+02, 2.03314728e+02, 3.12100677e+02, 2.58221710e+02,
       3.13164185e+02, 3.13759003e+02, 3.14305267e+02, 3.68690216e+02,
       3.14686371e+02, 4.23501312e+02, 3.15082184e+02, 4.77522095e+02,
       3.15331085e+02, 1.44674332e+02, 3.65589081e+02, 2.00719925e+02,
       3.67162811e+02, 2.56976929e+02, 3.67514893e+02, 3.12832092e+02,
       3.68223755e+02, 3.68074005e+02, 3.68645813e+02, 4.23252228e+02,
       3.68487732e+02, 4.77132477e+02, 3.69234619e+02, 1.41550537e+02,
       4.20755188e+02, 1.98959595e+02, 4.20933136e+02, 2.55424530e+02,
       4.22551422e+02, 3.11908691e+02, 4.22377563e+02, 3.67637634e+02,
       4.22748077e+02, 4.22610779e+02, 4.22814972e+02, 4.77262421e+02,
       4.23272797e+02, 1.20941566e+02, 7.50995865e+01, 1.77664795e+02,
       8.66623306e+01, 2.28251907e+02, 9.73078537e+01, 2.74363953e+02,
       1.07167007e+02, 3.16916748e+02, 1.15960709e+02, 3.55645386e+02,
       1.24070877e+02, 3.90737762e+02, 1.31868500e+02, 1.20253967e+02,
       1.36283890e+02, 1.77304443e+02, 1.45155411e+02, 2.29307251e+02,
       1.52728058e+02, 2.76697968e+02, 1.59654709e+02, 3.19396729e+02,
       1.66285538e+02, 3.57945374e+02, 1.72584244e+02, 3.93500366e+02,
       1.78403488e+02, 1.19756699e+02, 1.99319489e+02, 1.77321243e+02,
       2.04866959e+02, 2.29170090e+02, 2.09691162e+02, 2.77597748e+02,
       2.13991043e+02, 3.21376038e+02, 2.18366745e+02, 3.60399963e+02,
       2.22046265e+02, 3.95878815e+02, 2.25967896e+02, 1.18997505e+02,
       2.63244232e+02, 1.77442322e+02, 2.66216949e+02, 2.29530594e+02,
       2.68204529e+02, 2.77932098e+02, 2.69870972e+02, 3.22469574e+02,
       2.71450256e+02, 3.62277893e+02, 2.72985809e+02, 3.98460938e+02,
       2.74371307e+02, 1.19287086e+02, 3.28952606e+02, 1.77707367e+02,
       3.28327759e+02, 2.30730392e+02, 3.27389008e+02, 2.79375458e+02,
       3.26436646e+02, 3.23085297e+02, 3.25340240e+02, 3.63511322e+02,
       3.24458405e+02, 4.00331573e+02, 3.23347473e+02, 1.19565491e+02,
       3.95724915e+02, 1.78917770e+02, 3.91060211e+02, 2.32491989e+02,
       3.87206360e+02, 2.80814850e+02, 3.83107330e+02, 3.25139282e+02,
       3.79505341e+02, 3.64743103e+02, 3.76165100e+02, 4.02249084e+02,
       3.72987793e+02, 1.34908524e+02, 7.02414703e+01, 1.90630905e+02,
       8.28792267e+01, 2.40110992e+02, 9.42673645e+01, 2.85116364e+02,
       1.04545143e+02, 3.26444641e+02, 1.13720444e+02, 3.64074524e+02,
       1.22482063e+02, 3.98179901e+02, 1.30681274e+02, 1.33963699e+02,
       1.32093887e+02, 1.89731720e+02, 1.41632797e+02, 2.40705978e+02,
       1.49564667e+02, 2.86616791e+02, 1.57449722e+02, 3.28445557e+02,
       1.64459015e+02, 3.65584045e+02, 1.70990540e+02, 4.00346161e+02,
       1.77195084e+02, 1.32608276e+02, 1.95332855e+02, 1.89237625e+02,
       2.01500717e+02, 2.39819534e+02, 2.06874786e+02, 2.87484955e+02,
       2.11644547e+02, 3.29459015e+02, 2.16306290e+02, 3.67429230e+02,
       2.20533371e+02, 4.01970337e+02, 2.24549286e+02, 1.31540344e+02,
       2.59644623e+02, 1.88623825e+02, 2.63210815e+02, 2.39544846e+02,
       2.65390350e+02, 2.86659485e+02, 2.67481842e+02, 3.30541412e+02,
       2.69466705e+02, 3.68883911e+02, 2.71034485e+02, 4.03665161e+02,
       2.72904297e+02, 1.31527802e+02, 3.25461243e+02, 1.88506577e+02,
       3.25228943e+02, 2.40390198e+02, 3.24675568e+02, 2.87603973e+02,
       3.23691650e+02, 3.29938812e+02, 3.23088806e+02, 3.69507843e+02,
       3.22517120e+02, 4.05059784e+02, 3.21857208e+02, 1.31069351e+02,
       3.92467682e+02, 1.88930435e+02, 3.87836823e+02, 2.41432388e+02,
       3.84305573e+02, 2.89002625e+02, 3.80443634e+02, 3.31437592e+02,
       3.77117737e+02, 3.69989777e+02, 3.73733734e+02, 4.05785797e+02,
       3.71033630e+02, 3.47070068e+02, 1.59846603e+02, 3.74912537e+02,
       1.52634949e+02, 4.07132141e+02, 1.43549866e+02, 4.42706848e+02,
       1.34202515e+02, 4.82542847e+02, 1.23634987e+02, 5.26029236e+02,
       1.11289246e+02, 5.77494568e+02, 9.79155121e+01, 3.44960144e+02,
       2.05118561e+02, 3.73988281e+02, 1.99576767e+02, 4.05017090e+02,
       1.93191437e+02, 4.40982727e+02, 1.86581284e+02, 4.80504822e+02,
       1.78454575e+02, 5.26096741e+02, 1.70179489e+02, 5.76766724e+02,
       1.60308472e+02, 3.43554413e+02, 2.50882263e+02, 3.72670532e+02,
       2.47602890e+02, 4.04619720e+02, 2.44092987e+02, 4.39294800e+02,
       2.39647751e+02, 4.79431763e+02, 2.35090240e+02, 5.24363647e+02,
